5.00
5.75
6.50
7.25
8.00
8.75
9.50
10.25
11.00
11.75
12.50
13.25
14.00
14.75
15.50
16.25
17.00
17.75
18.50
19.25
20.00
20.75
21.50
22.25
23.00
23.75
24.50
25.25
26.00
26.75
27.50
28.25
29.00
29.75
30.50
31.25
32.00
32.75
33.50
34.25
35.00
35.75
36.50
37.25
38.00
38.75
39.50
40.25
41.00
41.75
42.50
43.25
44.00
44.75
45.50
46.25
47.00
47.75
48.50
49.25
50.00
50.75
51.50
52.25
53.00
53.75
54.50
55.25
56.00
56.75
57.50
58.25
59.00
59.75
60.50
61.25
62.00
62.75
63.50
64.25
65.00
65.75
66.50
67.25
68.00
68.75
69.50
70.25
71.00
71.75
72.50
73.25
74.00
74.75
75.50
76.25
77.00
77.75
78.50
79.25
80.00
80.75
81.50
82.25
83.00
83.75
84.50
85.25
86.00
86.75
87.50
88.25
89.00
89.75
90.50
91.25
92.00
92.75
93.50
94.25
95.00
95.75
96.50
97.25
98.00
98.75