2.2
2.27
2.33
2.4
2.46
2.53
2.59
2.66
2.72
2.79
2.85
2.92
2.98
3.05
3.11
3.18
3.24
3.31
3.37
3.44
3.5
3.57
3.63
3.7
3.76
3.83
3.89
3.96
4.02
4.09
4.15
4.22
4.28
4.35
4.41
4.48
4.54
4.61
4.67
4.74
4.8
4.87
4.93
5
5.06
5.13
5.19
5.26
5.32
5.39
5.45
5.52
5.58
5.65
5.71
5.78
5.84
5.91
5.97
6.04
6.1
6.17
6.23
6.3
6.36
6.43
6.49
6.56
6.62
6.69
6.75
6.82
6.88
6.95
7.01
7.08
7.14
7.21
7.27
7.34
7.4
7.47
7.53
7.6
7.66
7.73
7.79
7.86
7.92
7.99
8.05
8.12
8.18
8.25
8.31
8.38
8.44
8.51
8.57
8.64
8.7
8.77
8.83
8.9
8.96
9.03
9.09
9.16
9.22
9.29
9.35
9.42
9.48
9.55
9.61
9.68
9.74
9.81
9.87
9.94
10
10.07
10.13
10.2
10.26
10.33
