90
92
95
97
100
102
105
107
110
112
115
117
120
122
125
127
130
132
135
137
140
142
145
147
150
152
155
157
160
162
165
167
170
172
175
177
180
182
185
187
190
192
195
197
200
202
205
207
210
212
215
217
220
222
225
227
230
232
235
237
240
242
245
247
250
252
255
257
260
262
265
267
270
272
275
277
280
282
285
287
290
292
295
297
300
302
305
307
310
312
315
317
320
322
325
327
330
332
335
337
340
342
345
347
350
352
355
357
360
362
365
367
370
372
375
377
380
382
385
387
390
392
395
397
400
402
