3.00
3.15
3.30
3.45
3.60
3.75
3.90
4.05
4.20
4.35
4.50
4.65
4.80
4.95
5.10
5.25
5.40
5.55
5.70
5.85
6.00
6.15
6.30
6.45
6.60
6.75
6.90
7.05
7.20
7.35
7.50
7.65
7.80
7.95
8.10
8.25
8.40
8.55
8.70
8.85
9.00
9.15
9.30
9.45
9.60
9.75
9.90
10.05
10.20
10.35
10.50
10.65
10.80
10.95
11.10
11.25
11.40
11.55
11.70
11.85
12.00
12.15
12.30
12.45
12.60
12.75
12.90
13.05
13.20
13.35
13.50
13.65
13.80
13.95
14.10
14.25
14.40
14.55
14.70
14.85
15.00
15.15
15.30
15.45
15.60
15.75
15.90
16.05
16.20
16.35
16.50
16.65
16.80
16.95
17.10
17.25
17.40
17.55
17.70
17.85
18.00
18.15
18.30
18.45
18.60
18.75
18.90
19.05
19.20
19.35
19.50
19.65
19.80
19.95
20.10
20.25
20.40
20.55
20.70
20.85
21.00
21.15
21.30
21.45
21.60
21.75