14.2
14.1
14.0
13.9
13.8
13.7
13.6
13.5
13.4
13.3
13.2
13.1
13.0
12.9
12.8
12.7
12.6
12.5
12.4
12.3
12.2
12.1
12.0
11.9
11.8
11.7
11.6
11.5
11.4
11.3
11.2
11.1
11.00
10.95
10.90
10.85
10.80
10.75
10.70
10.65
10.60
10.55
10.50
10.45
10.40
10.35
10.30
10.25
10.20
10.15
10.10
10.05
10.00
9.95
9.90
9.85
9.80
9.75
9.70
9.65
9.60
9.55
9.50
9.45
9.40
9.35
9.30
9.25
9.20
9.15
9.10
9.05
9.00
8.95
8.90
8.85
8.80
8.75
8.70
8.65
8.60
8.55
8.50
8.45
8.40
8.35
8.30
8.25
8.20
8.15
8.10
8.05
8.00
7.95
7.90
7.85
7.80
7.75
7.70
7.65
7.60
7.55
7.50
7.45
7.40
7.35
7.30
7.25
7.20
7.15
7.10
7.05
7.00
6.95
6.90
6.85
6.80
6.75
6.70
6.65
6.60
6.55
6.50
6.45
6.40
6.35