1
1.05
1.11
1.16
1.22
1.27
1.33
1.38
1.44
1.49
1.55
1.6
1.66
1.71
1.77
1.82
1.88
1.93
1.99
2.04
2.1
2.15
2.21
2.26
2.32
2.37
2.43
2.48
2.54
2.59
2.65
2.7
2.76
2.81
2.87
2.92
2.98
3.03
3.09
3.14
3.2
3.25
3.31
3.36
3.42
3.47
3.53
3.58
3.64
3.69
3.75
3.8
3.86
3.91
3.97
4.02
4.08
4.13
4.19
4.24
4.3
4.35
4.41
4.46
4.52
4.57
4.63
4.68
4.74
4.79
4.85
4.9
4.96
5.01
5.07
5.12
5.18
5.23
5.29
5.34
5.4
5.45
5.51
5.56
5.62
5.67
5.73
5.78
5.84
5.89
5.95
6
6.06
6.11
6.17
6.22
6.28
6.33
6.39
6.44
6.5
6.55
6.61
6.66
6.72
6.77
6.83
6.88
6.94
6.99
7.05
7.1
7.16
7.21
7.27
7.32
7.38
7.43
7.49
7.54
7.6
7.65
7.71
7.76
7.82
7.87
